Задание №1 - Обучение с пороговой функцией активации
Epoch 0: Y = [1, 1, 1, 1, 1, 1, 1, 1, 1, 1, 1, 1, 1, 1, 1, 1], W = [0.000, 0.000, 0.000, 0.000, 0.000] E = 13
Epoch 1: Y = [0, 0, 0, 0, 0, 0, 0, 0, 0, 0, 0, 0, 0, 0, 0, 0], W = [-0.300, 0.000, 0.000, 0.000, -0.900] E = 3
Epoch 2: Y = [0, 0, 0, 0, 0, 0, 0, 0, 0, 0, 0, 0, 0, 0, 0, 0], W = [-0.300, 0.000, 0.000, -0.900, -0.900] E = 3
Epoch 3: Y = [1, 0, 0, 0, 1, 0, 0, 0, 1, 0, 0, 0, 1, 0, 0, 0], W = [0.000, 0.000, 0.300, -0.900, -0.900] E = 1
Epoch 4: Y = [1, 0, 0, 0, 1, 0, 0, 0, 1, 0, 0, 0, 1, 0, 0, 0], W = [0.000, 0.300, 0.300, -0.900, -0.900] E = 1
Epoch 5: Y = [0, 0, 0, 0, 1, 0, 0, 0, 1, 0, 0, 0, 1, 0, 0, 0], W = [-0.300, 0.300, 0.300, -0.900, -0.900] E = 0
-----------------------------------------------------------------------------------------------------------
Задание №2 - Обучение с сигмоидальной функцией активации
Epoch 0: Y = [1, 1, 1, 1, 1, 1, 1, 1, 1, 1, 1, 1, 1, 1, 1, 1], W = [0.000, 0.000,0.000, 0.000, 0.000] E = 13
Epoch 1: Y = [0, 0, 0, 0, 0, 0, 0, 0, 0, 0, 0, 0, 0, 0, 0, 0], W = [-0.075, -0.000,0.000, -0.075, -0.149] E = 3
Epoch 2: Y = [0, 0, 0, 0, 1, 0, 0, 0, 0, 0, 0, 0, 1, 0, 0, 0], W = [-0.000, -0.000,0.075, -0.075, -0.224] E = 1
Epoch 3: Y = [0, 0, 0, 0, 1, 0, 0, 0, 0, 0, 0, 0, 1, 0, 0, 0], W = [-0.000, -0.000,0.075, -0.150, -0.224] E = 1
Epoch 4: Y = [0, 0, 0, 0, 1, 0, 0, 0, 0, 0, 0, 0, 1, 0, 0, 0], W = [-0.000, -0.000,0.000, -0.150, -0.298] E = 1
Epoch 5: Y = [0, 0, 0, 0, 0, 0, 0, 0, 0, 0, 0, 0, 0, 0, 0, 0], W = [-0.000, -0.000,-0.074, -0.224, -0.298] E = 3
Epoch 6: Y = [1, 0, 0, 0, 1, 0, 0, 0, 1, 0, 0, 0, 1, 0, 0, 0], W = [0.075, -0.000,0.001, -0.224, -0.298] E = 1
Epoch 7: Y = [1, 0, 0, 0, 1, 0, 0, 0, 1, 0, 0, 0, 1, 0, 0, 0], W = [0.075, 0.075,0.001, -0.224, -0.298] E = 1
Epoch 8: Y = [1, 0, 0, 0, 1, 0, 0, 0, 1, 0, 0, 0, 1, 0, 0, 0], W = [0.000, 0.075,0.001, -0.224, -0.298] E = 1
Epoch 9: Y = [1, 0, 0, 0, 1, 0, 0, 0, 1, 0, 0, 0, 1, 0, 0, 0], W = [0.000, 0.075,0.076, -0.224, -0.298] E = 1
Epoch 10: Y = [0, 0, 0, 0, 0, 0, 0, 0, 0, 0, 0, 0, 1, 0, 0, 0], W = [-0.075, 0.075,0.001, -0.298, -0.298] E = 2
Epoch 11: Y = [0, 0, 0, 0, 1, 0, 0, 0, 1, 0, 0, 0, 1, 0, 0, 0], W = [-0.000, 0.075,0.076, -0.298, -0.298] E = 0
-----------------------------------------------------------------------------------------------------------
Задание №3 - Обучение с сигмоидальной функцией активации и неполной выборкой
Набор из 6 векторов: ((0, 0, 0, 0), (0, 0, 0, 1), (0, 0, 1, 0), (0, 0, 1, 1), (1, 1, 0, 0), (1, 1, 1, 1))
Epoch 0: Y = [1, 1, 1, 1, 1, 1, 1, 1, 1, 1, 1, 1, 1, 1, 1, 1], W = [0.000, 0.000,0.000, 0.000, 0.000] E = 13
Epoch 1: Y = [0, 0, 0, 0, 0, 0, 0, 0, 0, 0, 0, 0, 0, 0, 0, 0], W = [-0.075, 0.000,-0.000, -0.075, -0.075] E = 3
Epoch 2: Y = [0, 0, 0, 0, 0, 0, 0, 0, 0, 0, 0, 0, 0, 0, 0, 0], W = [-0.075, 0.000,0.000, -0.149, -0.148] E = 3
Epoch 3: Y = [1, 0, 0, 0, 1, 0, 0, 0, 1, 0, 0, 0, 1, 1, 1, 0], W = [0.000, 0.075,0.075, -0.149, -0.148] E = 3
Epoch 4: Y = [0, 0, 0, 0, 1, 0, 0, 0, 1, 0, 0, 0, 1, 0, 0, 0], W = [-0.075, 0.075,0.075, -0.149, -0.148] E = 0