Вариант №14
Задание №1 - Обучение с пороговой функцией активации
Набор из 2 векторов: ((0, 0, 0, 1), (1, 1, 0, 0))
Epoch 0: Y = [1, 1, 1, 1, 1, 1, 1, 1, 1, 1, 1, 1, 1, 1, 1, 1], W = [0, 0, 0, 0], C = [[0, 1, 0, 0], [1, 0, 0, 0], [1, 1, 0, 0]], E = 13
Epoch 1: Y = [1, 1, 1, 1, 1, 1, 1, 1, 1, 1, 1, 1, 1, 1, 1, 1], W = [0.0697632473804489, 0.0697632473804489, 0.2850638794896408, 0.0], C = [[0, 1, 0, 0], [1, 0, 0, 0], [1, 1, 0, 0]], E = 13
Epoch 2: Y = [1, 1, 1, 1, 1, 1, 1, 1, 1, 1, 1, 1, 1, 1, 1, 1], W = [0.1395264947608978, 0.1395264947608978, 0.5701277589792816, 0.0], C = [[0, 1, 0, 0], [1, 0, 0, 0], [1, 1, 0, 0]], E = 13
Epoch 3: Y = [0, 0, 0, 0, 1, 0, 0, 0, 1, 0, 0, 0, 1, 0, 0, 0], W = [0.09892590978991397, 0.09892590978991397, 0.5551916384689224, -0.3], C = [[0, 1, 0, 0], [1, 0, 0, 0], [1, 1, 0, 0]], E = 0
-----------------------------------------------------------------------------------------------------------------------------------------------------------------------------------------------
Задание №2 - Обучение с сигмоидальной функцией активации
Набор из 2 векторов: ((0, 0, 0, 1), (1, 1, 0, 0))
Epoch 0: Y = [1, 1, 1, 1, 1, 1, 1, 1, 1, 1, 1, 1, 1, 1, 1, 1], W = [0, 0, 0, 0], C = [[0, 1, 0, 0], [1, 0, 0, 0], [1, 1, 0, 0]], E = 13
Epoch 1: Y = [1, 1, 1, 1, 1, 1, 1, 1, 1, 1, 1, 1, 1, 1, 1, 1], W = [0.017389619531359216, 0.017389619531359216, 0.07112681473617863, -0.0001391551362315696], C = [[0, 1, 0, 0], [1, 0, 0, 0], [1, 1, 0, 0]], E = 13
Epoch 2: Y = [1, 1, 1, 1, 1, 1, 1, 1, 1, 1, 1, 1, 1, 1, 1, 1], W = [0.034830557884379894, 0.034830557884379894, 0.14239273632351246, -0.0001380319242808986], C = [[0, 1, 0, 0], [1, 0, 0, 0], [1, 1, 0, 0]], E = 13
Epoch 3: Y = [0, 0, 0, 0, 1, 0, 0, 0, 1, 0, 0, 0, 1, 0, 0, 0], W = [0.024681092351302072, 0.024681092351302072, 0.13865895661501498, -0.07513300212235599], C = [[0, 1, 0, 0], [1, 0, 0, 0], [1, 1, 0, 0]], E = 0
